[CONTRAL]
 1
 1
 0.000000E+00  0.000000E+00
 5.000000E+02  3.000000E+02  -8.000000E+03  1.000000E+03  1.500000E+03  2.000000E+02
END;
[ARRANGE]
 4  1
 -3.000000E+00  -2.500000E+00  3.000000E+00  -2.500000E+00  -3.000000E+00  2.500000E+00
 3.000000E+00  2.500000E+00
 0.000000E+00  0.000000E+00
END;
[NO_SIMU]
 0  0  0  0
<0>
 0  1  0.000000E+00  0.000000E+00  1.000000E+00
 1  2.00  1.50  4
 3  10.00  1.50  8000  15.0  5
        10.00  1.50  15000  25.0  5
        10.00  1.50  25000  30.0  5
 2.000000E+02  3.000000E+07  2.000000E-01
END;
[SIMU_PE]
 -1
<-1>
 3.000000E+05 4.000000E+05 1.200000E+06 3.600000E+06 6.400000E+06 0.000000E+00
END;

