[CONTRAL]
1
1
 0.0   0.0
36.0   0.0  960.0  0.0  -450.0  0.0
END;
[ARRANGE]
4  1
-1.4  -1.4
-1.4   1.4
 1.4  -1.4
 1.4   1.4
 0.0   0.0
END;
[NO_SIMU]
0 0 0 0
<0>
 0   1  0.0  0.0  1.0
 0
 1  19.0  1.0  1.0E3  10.0  19
3.0E3  2.7E6  0.8
END;
[SIMU_PE]
1
<+1>
 0.1800E+05  0.0000E+00  0.0000E+00  0.0000E+00  0.8667E+04  0.0000E+00
 0.0000E+00  0.1800E+05  0.0000E+00 -0.8667E+04  0.0000E+00  0.0000E+00
 0.0000E+00  0.0000E+00  0.0000E+00  0.0000E+00  0.0000E+00  0.0000E+00
 0.0000E+00 -0.8667E+04  0.0000E+00  0.8667E+04  0.0000E+00  0.0000E+00
 0.8667E+04  0.0000E+00  0.0000E+00  0.0000E+00  0.8667E+04  0.0000E+00
 0.0000E+00  0.0000E+00  0.0000E+00  0.0000E+00  0.0000E+00  0.0000E+00
END;
